"""
Hodograph Control Curves

By Song-Hwa Kwon		

"""

GLOB_F = [[[-0.5, 0.5],
[0.5, 0.5]],

[[0.25, -0.5, 0.25],
[-0.5, 0, 0.5],
[0.25, 0.5, 0.25]],

[[-0.5, 0.75, 0, -0.25],
[0.75, -0.75, -0.75, 0.75],
[-0.75, -0.75, 0.75, 0.75],
[0.5, 0.75, 0, -0.25]],

[[0.9375, -1.25, -0.3750000000000001, 0.7500000000000002, -0.06249999999999978],
[-1.356762745781211, 1.5, 1.213525491562422, -1.5, 0.1432372542187887],
[0.838525491562421, -0.00000000000000007401486830834376, -1.677050983124843, 0, 0.838525491562421],
[-1.356762745781211, -1.5, 1.213525491562421, 1.5, 0.1432372542187896],
[0.9375, 1.25, -0.3749999999999999, -0.75, -0.0625]],

[[-1.75, 2.1875, 1.25, -1.874999999999999, 0, 0.1874999999999991],
[2.5, -2.801237816288728, -2.499999999999999, 3.102475632577456, 0, -0.3012378162887277],
[-1.40625, 0.6137378162887282, 2.812499999999999, -1.227475632577457, -1.40625, 0.6137378162887273],
[1.40625, 0.6137378162887282, -2.812499999999999, -1.227475632577457, 1.40625, 0.613737816288729],
[-2.5, -2.801237816288728, 2.499999999999999, 3.102475632577456, 0, -0.3012378162887286],
[1.75, 2.1875, -1.25, -1.874999999999999, 0, 0.1875]],

[[3.281250000000001, -3.937500000000002, -3.281250000000001, 4.375000000000002, 0.4687500000000007, -0.9375, 0.03125],
[-4.658380565118289, 5.201797284707688, 5.515004701926745, -6.653594569415375, -0.804867708498623, 1.451797284707686, -0.05175642830983485],
[2.514502787956378, -1.653594569415371, -4.938385440423254, 3.307189138830741, 2.333262516977375, -1.65359456941537, 0.0906201354895018],
[-2.274744445676179, -0.0000000000000005329070518200752, 5.40926147699302, 0.000000000000000296059473233375, -3.994289616957506, -0.0000000000000002220446049250313, 0.859772585640664],
[2.514502787956375, 1.653594569415369, -4.938385440423249, -3.307189138830737, 2.333262516977375, 1.653594569415369, 0.0906201354895],
[-4.658380565118284, -5.201797284707683, 5.515004701926737, 6.653594569415366, -0.804867708498621, -1.451797284707684, -0.05175642830983307],
[3.281249999999999, 3.937499999999999, -3.281249999999998, -4.374999999999998, 0.4687499999999998, 0.9375, 0.03125]],

[[-6.187499999999996, 7.218749999999994, 7.874999999999993, -9.84374999999999, -2.1875, 3.281249999999997, 0, -0.15625],
[8.75376847358966, -9.70442364621387, -12.25753694717932, 14.39185862483999, 3.503768473589658, -4.920446311038368, 0, 0.23301133241225],
[-4.621173310815681, 3.609686575449516, 9.24234662163136, -7.396253502795171, -4.621173310815678, 3.963447279241791, 0, -0.1768803518961342],
[3.988498587226019, -1.124012929235645, -10.02777842445204, 2.848144877955178, 8.09006108722602, -2.324250968203419, -2.05078125, 0.6001190194838859],
[-3.988498587226019, -1.124012929235646, 10.02777842445204, 2.848144877955179, -8.09006108722602, -2.324250968203421, 2.05078125, 0.6001190194838895],
[4.621173310815681, 3.609686575449516, -9.24234662163136, -7.396253502795171, 4.621173310815678, 3.963447279241791, 0, -0.1768803518961377],
[-8.75376847358966, -9.70442364621387, 12.25753694717931, 14.39185862483998, -3.503768473589655, -4.920446311038368, 0, 0.2330113324122536],
[6.187499999999996, 7.218749999999996, -7.87499999999999, -9.84374999999999, 2.187499999999997, 3.281249999999997, 0, -0.15625]],

[[11.73046875, -13.40624999999999, -18.04687499999999, 21.65624999999999, 7.382812499999993, -9.84374999999999, -0.5468749999999989, 1.093749999999999, -0.01953125],
[-16.55994157822508, 18.21773041200004, 27.02270954451014, -31.0457644065947, -11.33575729528493, 14.43833757718929, 0.843152269939762, -1.610303582594619, 0.02983705906012091],
[8.62507814018018, -7.37817795683711, -18.10419977794873, 15.87102084437103, 10.30699081175705, -9.60750781823074, -0.801694850388629, 1.114664930696808, -0.02617432359987504],
[-7.247408830265115, 3.39236586110599, 18.8396231874492, -8.92057687132468, -15.8540907784355, 7.664056159331413, 4.17894731558389, -2.13584514911271, 0.0829291056675388],
[6.903607036620044, -0.0000000000000005075305255429287, -19.42251590802123, -0.0000000000000099475983006414, 19.00008952392677, -0.00000000000000177635683940025, -7.347059470270048, -0.000000000000001110223024625157, 0.865878817744449],
[-7.247408830265119, -3.392365861105991, 18.8396231874492, 8.9205768713247, -15.8540907784355, -7.664056159331413, 4.178947315583892, 2.135845149112711, 0.0829291056675316],
[8.62507814018022, 7.378177956837153, -18.10419977794881, -15.87102084437113, 10.30699081175709, 9.60750781823078, -0.801694850388634, -1.114664930696813, -0.02617432359987504],
[-16.55994157822511, -18.21773041200007, 27.0227095445102, 31.04576440659477, -11.33575729528496, -14.43833757718932, 0.843152269939766, 1.610303582594623, 0.02983705906012801],
[11.73046874999998, 13.40624999999998, -18.04687499999996, -21.65624999999996, 7.382812499999984, 9.84374999999998, -0.5468749999999996, -1.093749999999998, -0.01953125]],

[[-22.34374999999996, 25.13671874999996, 40.21874999999994, -46.9218749999999, -21.65624999999997, 27.07031249999994, 3.281249999999999, -4.921874999999993, 0, 0.1367187499999858],
[31.49777090890523, -34.40267269082005, -58.93731035505938, 66.57107839906604, 32.38130798340305, -39.13275833977297, -4.941768537248903, 7.162972245627959, 0, -0.1986196141009771],
[-16.26129422263933, 14.68052041021281, 36.45909501164269, -33.66512450312622, -24.13430735536738, 23.41314545631326, 3.93650656636401, -4.552999044099117, 0, 0.124457680699237],
[13.4342757185628, -7.999192169614203, -36.1912589581069, 21.83233135387292, 32.07969076052539, -19.82515377345225, -9.32270752098129, 6.150082163742566, 0, -0.1580675745490225],
[-12.43662154545373, 2.584625700221483, 37.30326336402364, -7.816410249812842, -39.98831248231109, 8.47445415691202, 17.81332105436618, -3.838180365271412, -2.691650390625, 0.5955107579507484],
[12.43662154545373, 2.584625700221484, -37.30326336402366, -7.816410249812876, 39.9883124823111, 8.47445415691203, -17.81332105436618, -3.838180365271421, 2.691650390625, 0.5955107579507768],
[-13.43427571856284, -7.999192169614232, 36.19125895810699, 21.832331353873, -32.07969076052546, -19.82515377345233, 9.3227075209813, 6.150082163742581, 0, -0.1580675745490367],
[16.26129422263936, 14.68052041021283, -36.45909501164275, -33.66512450312628, 24.13430735536741, 23.41314545631332, -3.936506566364014, -4.552999044099126, 0, 0.1244576806992654],
[-31.49777090890521, -34.40267269082002, 58.93731035505932, 66.57107839906605, -32.38130798340297, -39.13275833977295, 4.941768537248889, 7.162972245627952, 0, -0.1986196141010055],
[22.34374999999995, 25.13671874999995, -40.2187499999999, -46.9218749999999, 21.65624999999991, 27.07031249999992, -3.281249999999988, -4.921874999999988, 0, 0.1367187499999858]],

[[42.73242187499987, -47.48046874999984, -87.9785156249997, 100.5468749999996, 58.65234374999975, -70.38281249999978, -13.53515624999998, 18.04687499999992, 0.6152343749999972, -1.230468749999995, 0.013671875],
[-60.17964908395254, 65.30637655235141, 127.2678440353503, -141.8358689456053, -86.199465923328, 100.7794279929351, 20.04379091337912, -26.02675535845953, -0.912314778412082, 1.776819758778359, -0.02020516303667819],
[30.88003540121265, -28.85236072170356, -74.57180807613767, 71.07844980069144, 57.1830686362348, -56.66973075028884, -14.15678822838992, 15.51355498531754, 0.6514258465629311, -1.069913314016511, 0.01406642051730955],
[-25.22048133981051, 17.28603413871311, 70.92024863830784, -49.25480322371215, -67.31995310439847, 47.88526763670324, 22.73931097489094, -17.15026215712261, -1.097350490765446, 1.233763605418376, -0.02177467822437507],
[22.918290078074, -8.30364429098419, -72.08694547848819, 26.35024096943154, 82.1883759973707, -30.4389153138372, -39.70907049595926, 15.04168488331648, 6.609344523389228, -2.649366247926648, 0.0800053756135242],
[-22.26123386104692, -0.000000000000004736951571734, 72.89835301193496, 0.00000000000003654219783909086, -89.0087387117575, -0.00000000000005400124791776761, 49.23582617215818, 0.000000000000002368475785867, -11.73267895154926, -0.0000000000000004440892098500626, 0.868472340260496],
[22.91829007807411, 8.30364429098425, -72.0869454784885, -26.35024096943178, 82.188375997371, 30.43891531383747, -39.70907049595938, -15.04168488331656, 6.609344523389233, 2.649366247926654, 0.080005375613581],
[-25.22048133981, -17.28603413871267, 70.92024863830652, 49.25480322371095, -67.31995310439737, -47.88526763670228, 22.73931097489072, 17.15026215712235, -1.097350490765435, -1.233763605418357, -0.02177467822446033],
[30.88003540121199, 28.85236072170303, -74.57180807613594, -71.07844980068999, 57.18306863623338, 56.66973075028764, -14.15678822838952, -15.51355498531717, 0.6514258465629137, 1.069913314016486, 0.01406642051716744],
[-60.17964908395245, -65.30637655235135, 127.26784403535, 141.8358689456053, -86.1994659233279, -100.779427992935, 20.04379091337904, 26.02675535845949, -0.912314778412079, -1.776819758778356, -0.0202051630365645],
[42.73242187499982, 47.4804687499998, -87.9785156249996, -100.5468749999996, 58.65234374999963, 70.38281249999963, -13.53515624999994, -18.04687499999991, 0.6152343749999954, 1.230468749999994, 0.01367187500002842]],

[[-82.0117187499994, 90.2128906249994, 189.9218749999984, -213.6621093749985, -150.8203124999986, 175.9570312499987, 46.92187499999958, -58.65234374999958, -4.511718749999975, 6.767578124999947, 0, -0.1230468749999432],
[115.413142295922, -124.5295657315123, -272.4833647916952, 300.4137276323219, 219.0953979370344, -250.3542299526598, -68.64327068267082, 84.0121120475926, 6.61809524140981, -9.71861610893199, 0, 0.1765721131896498],
[-58.96234971440617, 56.37401167228197, 153.7701055241351, -149.5963482599166, -135.0444799369297, 135.5065996562663, 44.62804215907851, -47.82212529482504, -4.391318031877844, 5.639786299107381, 0, -0.1019240729140733],
[47.76469068753416, -35.86272387408865, -141.0954691722946, 107.2850632665078, 145.0050703788329, -112.7012300981734, -57.78249599091871, 47.10368475298867, 6.108204096846141, -5.930312907045455, 0, 0.1055188598109567],
[-42.85020056629017, 20.52237388335079, 140.7268485135588, -68.01077624039925, -169.7112337106847, 83.1555763200094, 88.6427241458537, -44.51881600238479, -16.80813838243758, 9.00213858958501, 0, -0.1504965501610513],
[40.82900745837239, -6.716986575031257, -142.2461687797572, 23.57044297648464, 188.6839623727613, -31.56374717544125, -117.2763655981391, 19.87748824662817, 33.340481905161, -5.760573997714896, -3.330917358398436, 0.5933765250745751],
[-40.8290074583724, -6.716986575031163, 142.2461687797572, 23.57044297648441, -188.6839623727614, -31.56374717544106, 117.2763655981391, 19.87748824662809, -33.34048190516103, -5.760573997714898, 3.330917358398436, 0.5933765250746319],
[42.85020056628978, 20.52237388335045, -140.7268485135576, -68.01077624039823, 169.7112337106836, 83.1555763200082, -88.6427241458532, -44.51881600238435, 16.80813838243753, 9.00213858958495, 0, -0.1504965501609377],
[-47.76469068753368, -35.86272387408825, 141.0954691722931, 107.2850632665066, -145.0050703788315, -112.7012300981722, 57.78249599091809, 47.10368475298816, -6.10820409684607, -5.930312907045386, 0, 0.1055188598109567],
[58.96234971440398, 56.37401167227964, -153.7701055241298, -149.5963482599108, 135.0444799369252, 135.5065996562614, -44.62804215907713, -47.82212529482334, 4.391318031877704, 5.639786299107184, 0, -0.101924072914187],
[-115.4131422959206, -124.5295657315108, 272.4833647916919, 300.4137276323179, -219.0953979370318, -250.3542299526564, 68.64327068267015, 84.0121120475915, -6.618095241409713, -9.71861610893187, 0, 0.1765721131894225],
[82.0117187500001, 90.2128906250001, -189.9218750000002, -213.662109375, 150.8203125000003, 175.9570312500001, -46.92187500000022, -58.65234375000012, 4.511718750000011, 6.767578125000012, 0, -0.1230468749999432]],

[[157.8725585937475, -172.2246093749968, -405.9580078124935, 451.0644531249907, 373.9086914062433, -427.3242187499919, -146.630859374998, 175.9570312499962, 21.99462890624956, -29.3261718749994, -0.676757812499989, 1.353515624999972, -0.01025390625],
[-222.050632352772, 238.3793168523443, 579.2405404021191, -632.9917186059627, -538.8052497241889, 605.3935192604875, 212.6061008945171, -250.7649804858229, -31.99055268949773, 41.91969335231478, 0.984893698238523, -1.93583037336016, 0.01489977158462352],
[113.0704226789208, -109.852697066447, -318.2955890358361, 313.9341527196108, 316.1788783256707, -319.717845096393, -130.3916391286088, 138.1379762789373, 20.06759993227173, -23.59554281490221, -0.6203866757423826, 1.093955979194503, -0.00928609667562341],
[-91.0471079286782, 72.80207145833183, 283.7355116856002, -229.5559248064598, -317.1664613024507, 261.6303928048683, 148.100457202023, -126.8840018894279, -24.39692671693002, 23.09016729843228, 0.7634161816640079, -1.082704865744303, 0.01111087877222872],
[80.9215200828207, -46.00064972023897, -277.5027537579066, 159.1568411839928, 354.6165989559519, -206.158369819076, -201.9431387637055, 120.2517682608703, 45.41995852423156, -28.65254319928982, -1.492248288545997, 1.402953293741447, -0.01993675284609253],
[-76.06819824364081, 22.4532449185116, 278.6253458097571, -82.825860674899, -393.715881952745, 118.1663361985651, 265.6020354603269, -80.8419287947779, -84.138258507784, 26.22206710089809, 9.61639885862636, -3.173858748298144, 0.07855857545928302],
[74.60287433920433, 0.0000000000002428764260416342, -279.6900945824803, -0.000000000001225291473221862, 409.9668485830369, 0.000000000000519711258155959, -294.68591257911, -0.0000000000003467448550509289, 106.0871011029178, 0.000000000000061580370432542, -17.15063192348106, -0.000000000000003108624468950438, 0.869815059911502],
[-76.06819824364115, -22.45324491851222, 278.6253458097581, 82.8258606749015, -393.7158819527455, -118.1663361985669, 265.6020354603282, 80.8419287947789, -84.1382585077841, -26.22206710089827, 9.61639885862638, 3.173858748298154, 0.07855857545928302],
[80.9215200828262, 46.00064972024334, -277.5027537579247, -159.1568411840073, 354.6165989559731, 206.1583698190927, -201.9431387637163, -120.2517682608792, 45.41995852423336, 28.65254319929144, -1.492248288546057, -1.402953293741524, -0.0199367528463199],
[-91.0471079286747, -72.80207145832809, 283.7355116855912, 229.5559248064496, -317.1664613024442, -261.6303928048587, 148.1004572020215, 126.8840018894248, -24.39692671692995, -23.09016729843187, 0.7634161816640081, 1.082704865744285, 0.01111087877211503],
[113.0704226789281, 109.8526970664563, -318.2955890358531, -313.9341527196335, 316.1788783256836, 319.7178450964129, -130.3916391286136, -138.137976278945, 20.06759993227236, 23.59554281490343, -0.620386675742404, -1.093955979194559, -0.00928609667539604],
[-222.0506323527845, -238.3793168523583, 579.2405404021518, 632.9917186060012, -538.8052497242178, -605.3935192605222, 212.6061008945286, 250.7649804858379, -31.99055268949957, -41.91969335231724, 0.98489369823858, 1.935830373360275, 0.01489977158416878],
[157.8725585937439, 172.2246093749938, -405.9580078124831, -451.0644531249831, 373.9086914062324, 427.3242187499819, -146.6308593749932, -175.9570312499924, 21.994628906249, 29.32617187499872, -0.6767578124999694, -1.353515624999941, -0.01025390625]],

[[-304.7050781249858, 330.0971679687349, 861.123046874959, -947.235351562455, -902.128906249955, 1014.895019531202, 427.3242187499783, -498.5449218749769, -87.9785156249959, 109.9731445312447, 5.865234374999698, -8.79785156249958, 0, 0.11279296875],
[428.396016545546, -457.839273300192, -1224.016077980505, 1327.779801376268, 1292.492378410157, -1433.549529033414, -615.5056672797964, 707.8393543536483, 127.1184285234136, -156.6137249847176, -8.48507821881491, 12.54413596196041, 0, -0.1607643735533202],
[-217.5972060055405, 213.8425579472268, 659.7649070597693, -656.9269179640517, -732.8442139019486, 744.7444689296678, 361.925871304359, -380.850629746929, -76.39269911425077, 86.051586566307, 5.143340657611134, -6.949917473605245, 0, 0.088851741383678],
[174.414562909506, -145.9479718593149, -574.7414745283018, 486.1204740451404, 699.0119530271028, -601.3185162356901, -377.2724703606401, 334.4912298879469, 84.4021652056507, -79.85270634680736, -5.814736253317138, 6.591248902724265, 0, -0.0837583939987781],
[-153.9367743019063, 98.2617973600189, 551.92692348883, -355.3174770125894, -749.4448650935058, 488.6881518561756, 468.208210560442, -312.0544577927824, -126.1056482861552, 88.1026475838904, 9.35215363229516, -7.777928311303459, 0, 0.0972663165898666],
[143.2715658105315, -57.27616088106872, -548.8523142195016, 220.9325503392835, 820.069199886191, -333.2544266525467, -594.3622988238932, 245.002447322697, 207.5684258145674, -87.7376094408831, -27.69457846789341, 12.47979711386396, 0, -0.1465978013447966],
[-138.5802675429899, 18.86188276459495, 550.2870890667138, -75.35307922159598, -868.088668712929, 119.7948316046054, 687.7330925756243, -95.8830221496041, -283.4165407497976, 40.07666209096605, 56.03463854880111, -8.08948463114035, -3.969343185424805, 0.592209542171986],
[138.5802675429898, 18.86188276459449, -550.2870890667135, -75.35307922159309, 868.088668712928, 119.7948316046044, -687.7330925756243, -95.8830221496024, 283.4165407497975, 40.07666209096589, -56.0346385488011, -8.08948463114034, 3.969343185424805, 0.592209542171986],
[-143.2715658105324, -57.27616088106869, 548.8523142195049, 220.932550339283, -820.069199886195, -333.2544266525483, 594.3622988238972, 245.0024473226983, -207.5684258145682, -87.7376094408836, 27.69457846789348, 12.47979711386401, 0, -0.1465978013443419],
[153.9367743019071, 98.2617973600187, -551.9269234888331, -355.3174770125898, 749.4448650935101, 488.688151856176, -468.2082105604461, -312.0544577927836, 126.105648286156, 88.1026475838908, -9.35215363229524, -7.777928311303503, 0, 0.097266316590094],
[-174.4145629094351, -145.9479718592493, 574.7414745280785, 486.1204740449304, -699.0119530268447, -601.318516235443, 377.2724703605097, 334.4912298878171, -84.402165205623, -79.85270634677761, 5.814736253315243, 6.591248902721848, 0, -0.0837583939983233],
[217.5972060054003, 213.8425579470898, -659.7649070593424, -656.9269179636277, 732.8442139014719, 744.7444689291871, -361.9258713041226, -380.8506297466818, 76.39269911420117, 86.051586566251, -5.143340657607762, -6.949917473600724, 0, 0.0888517413827685],
[-428.396016545488, -457.8392733001316, 1224.016077980334, 1327.779801376087, -1292.492378409975, -1433.549529033216, 615.5056672797083, 707.8393543535478, -127.1184285233951, -156.6137249846955, 8.48507821881368, 12.54413596195863, 0, -0.1607643735515012],
[304.7050781249971, 330.0971679687464, -861.123046874992, -947.235351562489, 902.128906249993, 1014.895019531239, -427.324218749996, -498.5449218749947, 87.9785156249993, 109.9731445312489, -5.865234374999943, -8.79785156249991, 0, 0.11279296875]],

[[589.4592285156218, -634.8022460937415, -1815.534423828124, 1980.583007812483, 2131.279541015641, -2368.088378906227, -1184.044189453127, 1353.193359375003, 311.5905761718812, -373.90869140625, -32.99194335937541, 43.98925781250014, 0.7331542968750135, -1.466308593750004, 0.008056640625],
[-828.473413840905, 881.88942296577, 2573.594720500918, -2774.425166214558, -3040.62752965848, 3337.99393739683, 1696.964014564217, -1915.901605702411, -447.8862052980145, 530.9106325041569, 47.49577345391227, -62.55290421029704, -1.055767097499241, 2.085683260492027, -0.01159262416695128],
[419.9850462636404, -416.214396386527, -1367.583708521099, 1370.873132005234, 1681.721081753565, -1714.645763103593, -967.272688914389, 1013.322982349511, 260.4268137619047, -286.2673485060645, -27.90483445325616, 34.06952067097246, 0.621501791654282, -1.138127029530362, 0.006788317983591696],
[-335.4406058398661, 290.3759927419593, 1169.765969755885, -1022.496291785088, -1544.6478885759, 1370.170036039921, 949.933469280715, -863.429755051991, -268.4589126470933, 255.500546118932, 29.51563172184605, -31.16646876789678, -0.6605374020267003, 1.045940704161794, -0.00712629356121397],
[294.4637542576175, -204.2647000086972, -1105.229290587101, 772.8375026401284, 1597.57187170451, -1130.36437509269, -1096.706556133019, 791.104887091503, 350.2514236260343, -262.302779673348, -41.29693002085224, 34.14908529447902, 0.935918892404621, -1.159620251377519, 0.00980826040404281],
[-271.997637779069, 131.7368026523769, 1087.472842760887, -530.1972937270248, -1713.99735396167, 843.355572376623, 1332.396932925571, -664.7174405011905, -514.7149682820549, 263.0638620670789, 82.8312000011909, -44.83203941620376, -1.972049161976652, 1.590536548342816, -0.01896650287517332],
[260.3997194398706, -64.80639903691075, -1085.714312713678, 271.7648387697896, 1818.665959397564, -458.626190651955, -1553.742506530465, 395.7757433205459, 705.6994116933616, -182.4038998101638, -158.5841623711015, 41.99953263902836, 13.19815899913574, -3.703625230333514, 0.07773208531398268],
[-256.7921820338209, -0.000000000002291227037158723, 1086.456405264627, 0.00000000000835081498900598, -1859.93136335046, -0.00000000001152026622245709, 1644.943048520997, 0.000000000007016101985105445, -793.8162780520391, -0.000000000002398792275926098, 201.8705300552722, 0.0000000000002368475785867, -23.60076063713412, -0.00000000000000888178419700125, 0.870600232557081],
[260.3997194398731, 64.8063990369162, -1085.714312713688, -271.7648387698101, 1818.665959397576, 458.6261906519792, -1553.742506530476, -395.7757433205638, 705.6994116933637, 182.4038998101695, -158.5841623711021, -41.99953263902903, 13.19815899913574, 3.703625230333538, 0.07773208531307318],
[-271.9976377790449, -131.7368026523669, 1087.472842760791, 530.1972937269837, -1713.997353961524, -843.355572376549, 1332.396932925461, 664.717440501134, -514.7149682820155, -263.0638620670572, 82.8312000011864, 44.83203941620076, -1.972049161976544, -1.590536548342713, -0.01896650287562807],
[294.4637542575318, 204.2647000086401, -1105.229290586781, -772.8375026399119, 1597.571871704048, 1130.364375092369, -1096.706556132702, -791.1048870912792, 350.2514236259359, 262.3027796732751, -41.2969300208408, -34.14908529446956, 0.935918892404361, 1.159620251377198, 0.00980826040358807],
[-335.440605839667, -290.3759927417862, 1169.765969755197, 1022.496291784484, -1544.647888575001, -1370.170036039121, 949.933469280167, 863.429755051491, -268.4589126469397, -255.5005461187857, 29.51563172182925, 31.16646876787895, -0.6605374020263241, -1.045940704161196, -0.007126293560759223],
[419.9850462634748, 416.2143963863757, -1367.583708520541, -1370.873132004717, 1681.721081752857, 1714.645763102931, -967.272688913972, -1013.322982349108, 260.4268137617901, 286.2673485059493, -27.90483445324379, -34.0695206709586, 0.6215017916540079, 1.138127029529898, 0.006788317982682202],
[-828.473413840861, -881.889422965739, 2573.594720500763, 2774.425166214442, -3040.627529658274, -3337.993937396695, 1696.964014564099, 1915.901605702311, -447.8862052979772, -530.9106325041296, 47.4957734539085, 62.55290421029364, -1.055767097499153, -2.085683260491914, -0.01159262416695128],
[589.4592285156038, 634.8022460937325, -1815.534423828056, -1980.583007812442, 2131.279541015548, 2368.088378906188, -1184.044189453077, -1353.193359374962, 311.5905761718624, 373.9086914062396, -32.99194335937365, -43.98925781249878, 0.7331542968749679, 1.466308593749959, 0.00805664062409051]],

[[-1142.644042969046, 1224.261474609653, 3808.813476563524, -4126.214599610347, -4951.457519532654, 5446.603271485665, 3157.45117187591, -3552.132568360259, -1014.89501953156, 1184.044189453425, 149.5634765625466, -186.9543457031735, -7.331542968752314, 10.99731445312788, 0, -0.104736328121362],
[1605.547501208325, -1702.992557570361, -5388.305518299232, 5777.862713776814, 7041.753458548198, -7666.017875840106, -4507.947119210803, 5018.638369275764, 1452.887830363484, -1677.276762029135, -214.4555530410543, 265.2503613072396, 10.51940043110345, -15.61291409784164, 0, 0.1486651776504004],
[-812.640077335936, 810.3870848568, 2832.700039483413, -2853.272668689789, -3823.350169244961, 3906.699303279153, 2509.909569116819, -2620.954001690497, -823.42082282995, 891.223887462366, 122.8538818878545, -142.422207127261, -6.052421077232331, 8.41866037481223, 0, -0.0800584655789862],
[647.2181902226166, -575.0128272023055, -2387.960571573696, 2140.230982307914, 3412.244149112674, -3097.588721784219, -2360.551768638751, 2186.177404437064, 806.26117972044, -772.8581262509794, -123.3499334425088, 126.5325955762049, 6.138754599233103, -7.552924657921457, 0, 0.07161757425092219],
[-565.7425168331605, 417.6076019890941, 2224.72133377821, -1654.469903582842, -3424.990985863027, 2574.541265125547, 2578.961764939323, -1971.452936825941, -961.080617977673, 756.9813512391713, 156.0883166973781, -131.1405041960092, -7.957294741053701, 8.0085839238954, 0, -0.07545767291958327],
[519.5058528123901, -287.4827434487063, -2166.056258046409, 1206.227107023266, 3599.264639641802, -2021.838285121924, -3001.930562259992, 1708.280067015347, 1286.557046514424, -748.3617927902029, -251.1347914583787, 153.0902241781186, 13.79407279616236, -10.00735043604508, 0, 0.092773580146968],
[-493.4456310418334, 169.1164852212425, 2149.924900684131, -740.8900242957534, -3798.267543769747, 1318.304393199628, 3465.905276010423, -1214.774709061934, -1712.098773129389, 608.8981920829797, 430.601176136854, -157.0829242556562, -42.6194048904352, 16.57289173781457, 0, -0.1443046283175136],
[481.5534067655465, -55.8845184554096, -2147.855851181171, 250.5263930707094, 3924.903438146818, -460.7033503436955, -3770.880743360554, 446.218375210423, 2028.752954650754, -242.6509391676117, -599.1258898347715, 72.72680022053491, 87.2599581536022, -10.82426129784177, -4.607273340225222, 0.5915007628909734],
[-481.5534067655531, -55.88451845544341, 2147.855851181196, 250.5263930708378, -3924.903438146858, -460.7033503438876, 3770.880743360583, 446.2183752105663, -2028.752954650764, -242.6509391676638, 599.1258898347736, 72.72680022054368, -87.2599581536023, -10.82426129784232, 4.607273340225222, 0.5915007628909734],
[493.4456310418708, 169.1164852212909, -2149.92490068428, -740.8900242959423, 3798.267543769988, 1318.304393199915, -3465.905276010609, -1214.774709062155, 1712.098773129467, 608.898192083066, -430.6011761368687, -157.0829242556721, 42.61940489043601, 16.57289173781556, 0, -0.1443046283147851],
[-519.5058528124472, -287.4827434487698, 2166.056258046631, 1206.22710702351, -3599.264639642145, -2021.838285122295, 3001.930562260252, 1708.280067015623, -1286.557046514528, -748.3617927903088, 251.1347914583963, 153.0902241781375, -13.79407279616335, -10.00735043604625, 0, 0.092773580146968],
[565.7425168330375, 417.6076019890195, -2224.721333777731, -1654.469903582541, 3424.990985862299, 2574.541265125087, -2578.961764938799, -1971.452936825593, 961.080617977486, 756.9813512390411, -156.0883166973479, -131.1405041959873, 7.957294741052199, 8.00858392389407, 0, -0.07545767292140226],
[-647.2181902224682, -575.0128272022255, 2387.960571573094, 2140.230982307563, -3412.244149111731, -3097.588721783656, 2360.551768638046, 2186.17740443661, -806.261179720182, -772.8581262508065, 123.3499334424672, 126.5325955761749, -6.138754599231, -7.552924657919634, 0, 0.07161757425637916],
[812.640077335929, 810.387084856844, -2832.700039483345, -2853.272668689912, 3823.350169244803, 3906.699303279273, -2509.909569116661, -2620.954001690554, 823.420822829882, 891.223887462373, -122.8538818878429, -142.422207127261, 6.052421077231711, 8.4186603748122, 0, -0.0800584655789862],
[-1605.547501207778, -1702.992557569875, 5388.305518297313, 5777.862713775114, -7041.753458545537, -7666.017875837788, 4507.947119209028, 5018.638369274184, -1452.887830362886, -1677.276762028596, 214.4555530409626, 265.250361307152, -10.51940043109891, -15.61291409783644, 0, 0.1486651776504004],
[1142.644042968506, 1224.261474609152, -3808.813476561649, -4126.2145996086, 4951.457519530075, 5446.603271483306, -3157.451171874214, -3552.132568358649, 1014.895019530995, 1184.044189452882, -149.5634765624602, -186.9543457030858, 7.331542968748058, 10.99731445312269, 0, -0.104736328126819]],

[[2218.973922729591, -2366.905517578193, -7957.699584961397, 8569.83032226592, 11347.09014892652, -12378.64379882875, -8169.90490722724, 9077.67211914114, 3108.115997314756, -3552.132568359591, -592.02209472662, 710.4265136719249, 46.73858642578637, -62.31811523437957, -0.7855224609375897, 1.571044921875116, -0.0065460205078125],
[-3117.259765600557, 3295.918050553741, 11240.6713617094, -11997.74597161855, -16098.40480359467, 17404.15965367406, 11629.65115067296, -12804.84923675037, -4435.05374978754, 5022.48279028781, 846.117561561532, -1006.061928086205, -66.85490882418236, 88.3236397756512, 1.123793156182094, -2.226997836072451, 0.00936070692841895],
[1575.784011183929, -1578.833028033553, -5860.847998884471, 5924.253143561707, 8618.63662093915, -8819.15000798898, -6359.222560049337, 6624.077839366898, 2463.451733627323, -2638.297625039473, -474.8917807104002, 533.8836101845785, 37.73013816334382, -47.12332790880672, -0.6348913731703812, 1.189395857632329, -0.005272896363749169],
[-1252.148908945286, 1135.290523330338, 4883.476066478254, -4462.857395907141, -7522.88768645631, 6952.076002415431, 5789.870447819135, -5440.47418694802, -2319.793830810898, 2238.995920277877, 457.6713573412938, -463.3765940423417, -36.81349328467456, 41.39287509646262, 0.6209236457459129, -1.047144222612695, 0.005124212730152067],
[1090.785578785093, -844.638601685613, -4495.380061516272, 3504.999152215202, 7367.040257655042, -5799.886277578622, -6062.355224191415, 4842.853001901747, 2594.109515437782, -2122.944900763514, -537.8934300795883, 460.7855920161382, 44.45310134707436, -42.24180294768095, -0.7535988466901335, 1.073836842315424, -0.006138591052149422],
[-996.94350761755, 608.4502629262041, 4333.734798035303, -2660.72929188301, -7590.891560066725, 4698.492277684205, 6792.822587558625, -4254.783808700547, -3227.820702292492, 2061.228512489075, 754.8948648446033, -500.3903200845413, -66.95531375384226, 48.99285989778359, 1.149739444480666, -1.260492329143671, 0.00909384762417176],
[941.073667465343, -396.4832576933092, -4273.28917949269, 1809.800154916741, 7935.437128949282, -3383.722478859345, -7702.297356072748, 3315.214081032368, 4121.318396139843, -1798.940760593135, -1160.058997271772, 518.8151693167264, 140.3676054218446, -66.47011233422987, -2.532880193773181, 1.787204214155765, -0.01838494535331847],
[-911.009785827028, 195.9186771509337, 4255.64664807648, -919.574564967028, -8221.38351772612, 1787.104541124714, 8455.63624996356, -1852.178059045697, -4954.010175996086, 1096.44575832681, 1631.979514178319, -366.6511144423815, -274.290085139759, 63.17113420947829, 17.35393834902785, -4.236372356770283, 0.07721412166938535],
[901.489575652932, 0.00000000001624963867167632, -4252.62409888923, -0.00000000007723708851979331, 8330.72682274768, 0.00000000007474392821842974, -8748.40077694711, -0.0000000001259144887121187, 5299.365632734636, 0.00000000004118711720885974, -1851.593990274739, -0.00000000000875388650456443, 351.2487392888183, 0.000000000001008970684779342, -31.08300344173048, -0.00000000000002531308496145357, 0.871099128666174],
[-911.00978582704, -195.9186771509687, 4255.646648076525, 919.574564967185, -8221.38351772621, -1787.104541124905, 8455.63624996361, 1852.178059045929, -4954.010175996108, -1096.445758326901, 1631.979514178322, 366.6511144424001, -274.2900851397589, -63.17113420948008, 17.35393834902785, 4.236372356770328, 0.07721412166938535],
[941.073667465338, 396.4832576933365, -4273.289179492656, -1809.800154916859, 7935.437128949213, 3383.722478859492, -7702.297356072618, -3315.214081032472, 4121.318396139783, 1798.940760593185, -1160.058997271749, -518.8151693167319, 140.3676054218422, 66.47011233423012, -2.532880193773135, -1.78720421415577, -0.01838494534968049],
[-996.943507617695, -608.4502629263379, 4333.734798035897, 2660.729291883576, -7590.891560067696, -4698.492277685125, 6792.822587559364, 4254.783808701303, -3227.820702292816, -2061.228512489412, 754.8948648446627, 500.3903200846109, -66.95531375384681, -48.99285989778986, 1.149739444480741, 1.26049232914383, 0.00909384762053378],
[1090.785578782126, 844.638601683108, -4495.380061504397, -3504.999152205089, 7367.040257636283, 5799.886277562399, -6062.355224176605, -4842.853001888744, 2594.109515431743, 2122.944900758055, -537.8934300783811, -460.7855920149943, 44.45310134697644, 42.24180294757803, -0.7535988466884799, -1.073836842312816, -0.006138591055787401],
[-1252.148908946194, -1135.290523331614, 4883.476066481011, 4462.857395911454, -7522.887686459296, -6952.076002420988, 5789.870447820515, 5440.474186951524, -2319.793830811128, -2238.99592027903, 457.6713573412956, 463.3765940425367, -36.81349328467282, -41.3928750964781, 0.6209236457458763, 1.047144222613076, 0.005124212741066003],
[1575.784011188123, 1578.833028037647, -5860.847998900342, -5924.253143577369, 8618.63662096286, 8819.15000801268, -6359.222560066998, -6624.077839384901, 2463.451733634209, 2638.297625046719, -474.8917807117267, -533.8836101860503, 37.73013816344933, 47.12332790893701, -0.634891373172159, -1.18939585763562, -0.005272896371025126],
[-3117.259765599941, -3295.918050553175, 11240.6713617071, 11997.74597161651, -16098.40480359135, -17404.15965367102, 11629.65115067033, 12804.84923674803, -4435.053749786504, -5022.482790286894, 846.11756156133, 1006.061928086018, -66.85490882416514, -88.3236397756345, 1.123793156181806, 2.226997836072029, 0.00936070692841895],
[2218.973922728813, 2366.90551757744, -7957.699584958513, -8569.83032226317, 11347.09014892235, 12378.64379882467, -8169.90490722403, -9077.67211913806, 3108.115997313497, 3552.132568358379, -592.0220947263824, -710.4265136716791, 46.73858642576645, 62.31811523435771, -0.7855224609372549, -1.571044921874565, -0.006546020500536542]],

[[-4316.121826168354, 4585.879440303694, 16568.33862303305, -17751.79138182048, -25709.49096677513, 27851.94854733843, 20631.07299802904, -22694.18029783108, -9077.67211913272, 10212.38113402385, 2131.279541013741, -2486.492797849269, -236.8088378904158, 296.0110473630063, 8.90258789061707, -13.35388183592508, 0, 0.0981903076026356],
[6062.325855300825, -6391.372225997829, -23376.42482869868, 24850.185397549, 36406.35412361023, -39128.86541818867, -29299.01959215524, 31972.74380750406, 12919.48680914582, -14418.29881196897, -3037.868329053167, 3515.761971899394, 337.8519663256598, -418.9214467477947, -12.70600447527501, 18.90572242542105, 0, -0.1389964744448662],
[-3061.327084471328, 3078.282024174354, 12110.28579447128, -12273.03780836573, -19279.54333650588, 19746.19119843675, 15796.42084925768, -16421.06657011113, -7062.180088549385, 7505.954901643625, 1676.877315711824, -1847.849653480148, -187.6062558053661, 221.471175766457, 7.07280589115688, -10.01887256672113, 0, 0.07360450252599549],
[2428.034476731258, -2237.324267500039, -9996.42426196004, 9277.20965151341, 16537.39900762425, -15498.62818236118, -14027.61563116397, 13332.86719322427, 6452.413535947322, -6265.952966834552, -1564.381205569, 1574.275303326706, 177.2935244725858, -191.0713323670893, -6.719446082332453, 8.68832954504936, 0, -0.06372854649816873],
[-2109.243193308106, 1696.060040778292, 9108.82378070753, -7371.082917275038, -15870.13829371071, 12954.95345315913, 14208.41465285027, -11746.37576055539, -6882.367664115553, 5803.70189732795, 1739.1384787522, -1517.591199710339, -202.3814390939894, 188.953188152198, 7.753677918300988, -8.68218796445471, 0, 0.06348608759435592],
[1920.453720075134, -1263.100274813311, -8702.40028918182, 5755.680938717378, 16063.1643287383, -10704.25888019266, -15409.77736617067, 10380.05573307742, 8091.01011521487, -5542.426832699159, -2226.8733173317, 1571.519528006642, 275.2298045751577, -207.1415742958536, -10.80699591923768, 9.74213862240294, 0, -0.07077642282820307],
[-1803.817485680668, 879.437963216038, 8523.58858693425, -4176.219357039899, -16607.1948439119, 8189.41620381376, 17113.39462091069, -8513.84827651513, -9904.41247853327, 4992.280478033081, 3121.985540530019, -1608.626217511739, -463.1470313844646, 250.0635055729996, 19.60309113532301, -12.59431749919154, 0, 0.0900179300660966],
[1735.062289650451, -520.0963315189966, -8453.89132911594, 2545.535332906911, 17168.40374079064, -5198.745520842037, -18753.37036607184, 5720.335483306298, 11832.40874258964, -3645.450015444591, -4281.463053486056, 1338.769021754588, 815.074586679628, -261.4828380218854, -62.22461103658501, 21.27770288238905, 0, -0.1428350227433839],
[-1702.969411779457, 172.2336313577648, 8432.42080361966, -856.479856185422, -17512.06925813501, 1787.988598836209, 19758.84023322427, -2030.531312099187, -13103.25134281078, 1357.810215918668, 5151.862662772553, -539.7659564358141, -1147.969765658217, 122.1182745779596, 128.3809658283353, -13.96463360896985, -5.244887061417104, 0.5910376387328142],
[1702.96941177947, 172.2336313579045, -8432.4208036197, -856.479856185988, 17512.06925813511, 1787.988598837266, -19758.84023322427, -2030.53131209986, 13103.25134281081, 1357.810215919029, -5151.862662772553, -539.765956435901, 1147.969765658218, 122.1182745779692, -128.3809658283352, -13.96463360897025, 5.244887061417104, 0.5910376387255383],
[-1735.06228965051, -520.09633151916, 8453.89132911618, 2545.535332907553, -17168.40374079108, -5198.745520843179, 18753.3703660721, 5720.335483307226, -11832.40874258985, -3645.450015444996, 4281.4630534861, 1338.769021754693, -815.074586679635, -261.4828380218984, 62.22461103658529, 21.27770288238964, 0, -0.142835022728832],
[1803.817485680387, 879.437963216017, -8523.58858693289, -4176.219357039635, 16607.1948439092, 8189.41620381317, -17113.39462090782, -8513.84827651419, 9904.41247853172, 4992.280478032461, -3121.985540529546, -1608.626217511523, 463.1470313844067, 250.0635055729687, -19.60309113532073, -12.59431749919005, 0, 0.0900179300515447],
[-1920.453720075204, -1263.100274813594, 8702.40028918192, 5755.680938718401, -16063.16432873806, -10704.25888019427, 15409.77736616998, 10380.05573307845, -8091.01011521429, -5542.426832699457, 2226.873317331467, 1571.519528006664, -275.2298045751251, -207.1415742958509, 10.80699591923631, 9.74213862240272, 0, -0.07077642282820307],
[2109.243193308934, 1696.060040779104, -9108.82378071103, -7371.082917278453, 15870.13829371658, 12954.95345316494, -14208.41465285549, -11746.37576056051, 6882.367664117981, 5803.701897330397, -1739.13847875281, -1517.591199710961, 202.3814390940597, 188.9531881522746, -7.75367791830367, -8.68218796445821, 0, 0.06348608757980401],
[-2428.03447683306, -2237.32426759863, 9996.42426237054, 9277.20965191429, -16537.39900828875, -15498.62818301736, 14027.6156317162, 13332.86719377775, -6452.413536196781, -6265.952967090291, 1564.381205628691, 1574.275303390159, -177.2935244792956, -191.0713323747299, 6.719446082585886, 8.68832954539567, 0, -0.06372854645451298],
[3061.327084587193, 3078.282024287676, -12110.28579493629, -12273.03780882425, 19279.54333725553, 19746.19119918399, -15796.42084987849, -16421.06657073923, 7062.180088829116, 7505.954901933023, -1676.877315778624, -1847.849653551814, 187.6062558128675, 221.4711757750766, -7.072805891440024, -10.01887256711162, 0, 0.07360450251144357],
[-6062.325855314912, -6391.372226012903, 23376.42482875309, 24850.18539760774, -36406.35412369481, -39128.86541828124, 29299.01959222351, 31972.74380757976, -12919.48680917585, -14418.29881200311, 3037.868329060237, 3515.761971907708, -337.8519663264471, -418.9214467487866, 12.70600447530464, 18.9057224254658, 0, -0.1389964745030738],
[4316.121826167945, 4585.879440303619, -16568.33862303113, -17751.7913818198, 25709.4909667715, 27851.94854733694, -20631.07299802597, -22694.18029782951, 9077.6721191312, 10212.38113402304, -2131.279541013374, -2486.492797849045, 236.8088378903739, 296.0110473629791, -8.90258789061553, -13.35388183592381, 0, 0.0981903076317394]],

